T1:[[103.9888925, 1.362931656], [103.9875405, 1.359832451], [103.9910114, 1.358295333], [103.9923475, 1.361509323], [103.9888925, 1.362931656]]
T2:[[103.9892841, 1.359043882], [103.9841812, 1.346706005], [103.9859661, 1.345978667], [103.9909953, 1.358289841], [103.9892841, 1.359043882]]
T3:[[103.9874895, 1.359812619], [103.9822874, 1.34749996], [103.9841238, 1.346653933], [103.9892442, 1.35905392], [103.9874895, 1.359812619]]
BudgetT:[[103.983353771874, 1.344809172474418], [103.9801026980863, 1.33695458900478], [103.9850513982473, 1.334857157454732], [103.9886180091114, 1.34257020037064], [103.983353771874, 1.344809172474418]]
